No.  Insertion  Selection
1       0.000   0.000
2       0.000   0.000
3       0.000   0.000
4       0.000   0.000
5       0.000   0.000
6       0.000   0.001
7       0.000   0.000
8       0.000   0.000
9       0.001   0.000
10      0.000   0.002
11      0.001   0.001
12      0.002   0.001
13      0.002   0.001
14      0.002   0.001
15      0.003   0.001
16      0.003   0.001
17      0.003   0.001
18      0.004   0.002
19      0.003   0.002
20      0.004   0.002
21      0.005   0.001
22      0.005   0.003
23      0.006   0.002
24      0.006   0.002
25      0.007   0.003
26      0.007   0.002
27      0.007   0.004
28      0.007   0.004
29      0.008   0.004
30      0.008   0.004
31      0.008   0.005
32      0.009   0.004
33      0.010   0.005
34      0.010   0.005
35      0.011   0.006
36      0.012   0.006
37      0.013   0.006
38      0.014   0.007
39      0.014   0.007
40      0.015   0.006
41      0.016   0.007
42      0.017   0.009
43      0.017   0.008
44      0.019   0.008
45      0.019   0.010
46      0.020   0.009
47      0.020   0.010
48      0.022   0.011
49      0.021   0.012
50      0.023   0.011
51      0.025   0.011
52      0.025   0.014
53      0.028   0.013
54      0.030   0.014
55      0.029   0.014
56      0.028   0.014
57      0.030   0.015
58      0.033   0.018
59      0.033   0.017
60      0.035   0.017
61      0.035   0.018
62      0.038   0.018
63      0.037   0.021
64      0.039   0.019
65      0.039   0.019
66      0.041   0.020
67      0.044   0.022
96      0.089   0.044
97      0.087   0.048
98      0.091   0.045
99      0.095   0.049
100     0.096   0.050
101     0.095   0.048
102     0.097   0.051
103     0.101   0.053
104     0.099   0.050
105     0.113   0.055
106     0.111   0.053
107     0.111   0.055
108     0.109   0.053
109     0.110   0.057
110     0.114   0.057
111     0.113   0.060
112     0.120   0.060
113     0.124   0.062
114     0.119   0.061
115     0.126   0.063
116     0.129   0.063
117     0.125   0.065
118     0.131   0.065
119     0.134   0.067
120     0.135   0.069
121     0.142   0.073
122     0.141   0.072
123     0.140   0.073
124     0.146   0.070
125     0.145   0.076
126     0.148   0.073
127     0.153   0.078
128     0.156   0.079
129     0.154   0.080
130     0.156   0.082
131     0.158   0.083
132     0.161   0.083
133     0.167   0.083
134     0.174   0.085
135     0.168   0.088
136     0.173   0.088
137     0.177   0.085
138     0.181   0.095
139     0.184   0.092
140     0.181   0.092
141     0.185   0.095
142     0.193   0.096
143     0.193   0.097
144     0.194   0.101
145     0.205   0.102
146     0.202   0.101
147     0.202   0.102
148     0.202   0.104
149     0.211   0.102
150     0.214   0.109
151     0.212   0.112
152     0.219   0.109
153     0.220   0.115
154     0.221   0.116
155     0.225   0.115
156     0.225   0.114
157     0.229   0.118
158     0.238   0.124
159     0.272   0.127
160     0.241   0.123
161     0.247   0.128
162     0.248   0.125
163     0.252   0.131
164     0.248   0.130
165     0.260   0.173
166     0.315   0.154
167     0.290   0.158
168     0.292   0.139
169     0.272   0.140
170     0.279   0.136
171     0.281   0.146
172     0.283   0.142
173     0.289   0.155
174     0.288   0.148
175     0.289   0.185
176     0.317   0.168
177     0.307   0.159
178     0.385   0.164
179     0.327   0.161
180     0.312   0.161
181     0.313   0.165
182     0.331   0.165
183     0.325   0.164
184     0.327   0.166
185     0.337   0.165
186     0.344   0.174
187     0.341   0.170
188     0.355   0.175
189     0.365   0.171
190     0.350   0.185
191     0.359   0.179
192     0.350   0.180
193     0.364   0.187
194     0.369   0.194
195     0.373   0.194
196     0.369   0.187
197     0.384   0.190
198     0.378   0.194
199     0.385   0.196
200     0.388   0.204
201     0.385   0.199
202     0.403   0.204
203     0.396   0.199
204     0.412   0.205
205     0.410   0.206
206     0.415   0.212
207     0.407   0.218
208     0.418   0.216
209     0.419   0.222
210     0.432   0.218
211     0.433   0.222
212     0.431   0.223
213     0.439   0.225
214     0.444   0.225
215     0.447   0.240
216     0.460   0.238
217     0.455   0.232
218     0.465   0.240
219     0.460   0.236
220     0.466   0.235
221     0.473   0.234
222     0.491   0.247
223     0.485   0.246
224     0.486   0.238
225     0.481   0.250
226     0.494   0.259
227     0.493   0.249
228     0.493   0.248
229     0.516   0.265
230     0.504   0.261
231     0.503   0.260
232     0.523   0.259
233     0.618   0.329
234     0.596   0.301
235     0.706   0.278
236     0.542   0.280
237     0.535   0.283
238     0.574   0.285
239     0.543   0.275
240     0.560   0.293
241     0.558   0.308
242     0.631   0.294
243     0.572   0.349
244     0.575   0.290
245     0.591   0.302
246     0.583   0.301
247     0.585   0.299
248     0.676   0.310
249     0.601   0.306
250     0.620   0.307
251     0.609   0.310
252     0.604   0.322
253     0.619   0.314
254     0.624   0.314
255     0.635   0.328
256     0.633   0.323
257     0.640   0.333
258     0.634   0.330
259     0.649   0.363
260     0.646   0.339
261     0.654   0.343
262     0.690   0.339
263     0.656   0.335
264     0.668   0.350
265     0.669   0.341
266     0.682   0.357
267     0.679   0.349
268     0.681   0.349
282     0.786   0.392
283     0.753   0.386
284     0.773   0.399
285     0.786   0.407
286     0.784   0.396
287     0.784   0.441
288     0.799   0.401
289     0.806   0.404
290     0.880   0.414
291     0.847   0.412
292     0.842   0.413
293     0.907   0.427
294     0.838   0.424
295     0.833   0.422
296     0.848   0.439
297     0.838   0.430
298     0.844   0.432
299     0.876   0.436
300     0.862   0.443
311     0.932   0.472
312     0.956   0.486
313     0.960   0.486
314     0.997   0.483
315     0.965   0.482
316     0.950   0.536
317     0.983   0.494
318     0.988   0.493
319     0.970   0.489
320     0.989   0.508
321     1.002   0.504
322     1.006   0.512
323     1.012   0.517
324     1.019   0.521
325     1.015   0.521
326     1.055   0.513
327     1.031   0.520
328     1.037   0.522
329     1.037   0.528
330     1.042   0.543
331     1.027   0.543
332     1.074   0.551
333     1.060   0.549
334     1.063   0.536
335     1.074   0.560
336     1.090   0.568
337     1.098   0.561
338     1.092   0.560
339     1.099   0.557
340     1.145   0.568
341     1.107   0.568
342     1.123   0.576
343     1.119   0.567
344     1.133   0.594
345     1.135   0.581
346     1.138   0.611
347     1.145   0.580
348     1.174   0.619
349     1.151   0.599
350     1.172   0.600
351     1.196   0.600
352     1.189   0.606
353     1.189   0.605
354     1.200   0.610
355     1.209   0.617
356     1.233   0.612
357     1.202   0.626
358     1.222   0.618
359     1.295   0.661
360     1.254   0.647
361     1.254   0.646
362     1.379   0.684
363     1.449   0.715
364     1.576   0.953
365     1.504   0.774
366     1.661   0.670
367     1.324   0.661
368     1.327   0.685
369     1.346   0.717
370     1.343   0.689
371     1.336   0.681
372     1.334   0.684
373     1.351   0.685
374     1.365   0.666
375     1.362   0.702
376     1.377   0.687
377     1.379   0.724
378     1.397   0.709
379     1.374   0.703
380     1.405   0.719
381     1.397   0.721
382     1.413   0.720
383     1.404   0.716
384     1.431   0.737
385     1.405   0.731
386     1.420   0.723
387     1.426   0.755
388     1.439   0.760
389     1.471   0.738
390     1.458   0.762
391     1.455   0.743
392     1.455   0.767
393     1.474   0.773
394     1.515   0.849
395     1.663   0.776
396     1.546   0.778
397     1.518   0.783
398     1.504   0.777
399     1.532   0.777
400     1.521   0.780
401     1.547   0.808
402     1.544   0.810
403     1.560   0.815
404     1.537   0.792
405     1.556   0.800
406     1.562   0.792
407     1.577   0.812
408     1.569   0.808
409     1.584   0.817
410     1.594   0.818
411     1.605   0.846
412     1.635   0.839
413     1.619   0.830
414     1.614   0.825
415     1.620   0.834
416     1.637   0.865
417     1.644   0.845
418     1.671   0.831
419     1.657   0.853
420     1.682   0.850
421     1.677   0.853
422     1.709   0.888
423     1.687   0.860
424     1.692   0.898
425     1.698   0.872
426     1.719   0.883
427     1.729   0.882
428     1.743   0.879
429     1.743   0.896
430     1.747   0.900
431     1.750   0.911
432     1.790   0.924
433     1.780   0.910
434     1.817   0.940
435     1.797   0.930
436     1.786   0.927
437     1.803   0.931
438     1.821   0.933
439     1.822   0.938
459     2.041   1.031
460     2.117   1.036
461     2.016   1.035
462     2.007   1.051
463     2.048   1.054
464     2.146   1.058
465     2.053   1.053
466     2.086   1.070
467     2.107   1.078
468     2.075   1.071
469     2.098   1.083
470     2.099   1.086
471     2.096   1.090
472     2.128   1.119
473     2.134   1.093
474     2.124   1.095
475     2.143   1.104
476     2.183   1.134
477     2.152   1.115
478     2.182   1.140
479     2.160   1.129
480     2.176   1.126
481     2.172   1.133
482     2.205   1.129
483     2.208   1.117
484     2.232   1.143
485     2.239   1.159
486     2.228   1.148
487     2.230   1.150
488     2.280   1.170
489     2.264   1.161
490     2.275   1.181
491     2.289   1.169
492     2.310   1.175
493     2.298   1.179
494     2.331   1.203
495     2.338   1.287
496     2.371   1.199
497     2.374   1.203
498     2.340   1.208
499     2.369   1.296
500     2.368   1.223
501     2.352   1.219
502     2.399   1.209
503     2.405   1.234
504     2.408   1.237
505     2.409   1.246
506     2.449   1.238
507     2.445   1.242
508     2.477   1.249
509     2.444   1.249
510     2.463   1.292
511     2.465   1.264
512     2.499   1.311
513     2.485   1.278
514     2.511   1.313
515     2.500   1.301
516     2.520   1.299
517     2.555   1.299
518     2.543   1.328
519     2.574   1.312
520     2.558   1.319
521     2.623   1.327
522     2.577   1.297
523     2.625   1.331
524     2.601   1.333
525     2.656   1.342
526     2.615   1.334
527     2.649   1.370
528     2.636   1.393
529     2.658   1.365
530     2.644   1.364
531     2.670   1.344
532     2.675   1.372
533     2.688   1.369
534     2.682   1.379
535     2.716   1.412
536     2.779   2.718
537     6.214   2.785
538     4.821   1.936
539     3.859   1.925
540     3.720   2.045
541     5.937   2.456
542     4.626   2.252
543     5.271   2.940
544     4.381   1.905
545     3.598   2.055
546     3.691   1.801
547     3.588   1.986
548     3.546   1.805
549     3.587   2.014
550     3.479   1.812
551     3.634   1.895
552     3.654   1.851
553     3.636   1.966
554     3.673   2.060
555     3.629   1.903
556     3.691   1.828
557     3.497   1.614
558     3.481   1.595
559     3.048   1.606
560     3.064   1.599
561     3.117   1.566
562     3.096   1.608
563     3.020   1.545
564     3.053   1.551
565     3.115   1.567
566     3.077   1.569
567     3.070   1.582
568     3.110   2.115
569     3.291   1.670
570     3.196   1.623
571     3.104   1.600
572     3.124   1.586
573     3.132   1.592
574     3.151   1.596
575     3.159   1.600
576     3.216   1.607
577     3.175   1.647
578     3.201   1.614
579     3.191   1.621
580     3.189   1.638
581     3.276   1.648
582     3.283   1.695
583     3.266   1.663
584     3.324   1.655
585     3.275   1.653
586     3.342   1.662
587     3.275   1.727
588     3.313   1.687
589     3.356   1.688
590     3.321   1.748
591     3.378   1.741
592     3.344   1.696
593     3.428   1.717
594     3.397   1.731
595     3.456   1.733
596     3.380   1.736
597     3.490   1.733
598     3.423   1.748
599     3.446   1.745
600     3.541   1.759
601     3.484   1.822
602     3.535   1.763
603     3.517   2.083
604     3.488   1.776
605     3.500   1.775
606     3.564   1.781
607     3.543   1.790
608     3.533   1.809
609     3.585   1.795
610     3.761   1.816
611     3.577   1.835
612     3.589   1.828
613     3.664   1.832
614     3.624   1.822
615     3.719   1.869
616     3.881   1.895
617     3.815   1.933
618     3.752   2.117
619     3.729   1.880
620     3.967   1.887
621     3.705   1.886
622     3.758   1.889
623     3.718   1.899
624     3.735   1.957
625     3.761   1.906
626     3.818   1.982
627     3.843   1.917
628     3.727   1.921
629     3.809   1.930
630     3.826   1.928
631     3.805   1.976
632     3.775   1.946
633     3.857   1.954
634     3.862   1.968
635     3.895   1.982
636     3.850   1.968
637     3.968   1.980
638     4.007   2.014
639     3.960   2.006
640     3.953   1.980
641     3.956   2.038
642     4.048   2.099
643     4.045   2.060
644     3.994   2.000
645     4.027   2.000
646     4.021   2.016
647     4.001   2.082
648     4.073   2.057
649     4.071   2.054
650     4.150   2.065
651     4.114   2.078
652     4.155   2.148
653     4.056   2.065
654     4.126   2.085
655     4.120   2.080
656     4.159   2.121
657     4.118   2.094
658     4.137   2.090
659     4.158   2.081
660     4.132   2.114
661     4.156   2.126
662     4.211   2.100
663     4.182   2.133
664     4.243   2.142
665     4.224   2.155
666     4.272   2.173
667     4.200   2.151
668     4.285   2.189
669     4.416   2.198
670     4.332   2.247
671     4.353   2.190
672     4.295   2.211
673     4.282   2.206
674     4.427   2.206
675     4.311   2.215
676     4.356   2.243
677     4.405   2.249
678     4.390   2.219
679     4.370   2.210
680     4.485   2.233
681     4.397   2.243
682     4.395   2.267
683     4.395   2.249
684     4.482   2.292
685     4.467   2.264
686     4.490   2.291
687     4.426   2.266
688     4.484   2.281
689     4.495   2.295
690     4.531   2.296
691     4.536   2.290
692     4.500   2.366
693     4.592   2.466
694     4.719   2.405
695     4.578   2.333
696     4.603   2.346
697     4.584   2.344
698     4.686   2.429
699     4.669   2.373
700     4.922   2.441
701     4.655   2.408
702     4.769   2.420
703     4.715   2.368
704     4.857   2.427
705     4.700   2.411
706     4.836   2.443
707     4.761   2.409
708     4.836   2.431
709     4.756   2.501
710     4.902   2.444
711     4.813   2.467
712     4.883   2.585
713     5.237   2.556
714     4.994   2.486
715     4.886   2.493
716     4.892   2.500
717     4.964   2.498
718     4.939   2.513
719     4.927   2.501
720     4.947   2.519
721     4.967   2.538
722     4.978   2.528
723     4.964   2.533
724     5.008   2.526
725     5.037   2.555
726     4.991   2.564
727     5.030   2.563
728     5.097   2.616
729     5.050   2.581
730     5.165   2.571
731     5.056   2.587
732     5.129   2.607
733     5.095   2.579
734     5.153   2.606
735     5.122   2.628
736     5.143   2.618
737     5.142   2.619
738     5.228   2.637
739     5.167   2.634
740     5.240   2.654
741     5.221   2.667
742     5.266   2.649
743     5.238   2.706
744     5.413   2.676
745     5.279   2.729
746     5.330   2.701
747     5.344   2.734
748     5.359   2.716
749     5.334   2.725
750     5.402   2.717
751     5.412   2.770
752     5.670   2.720
753     5.435   2.745
754     5.381   2.744
755     5.447   2.760
756     5.503   2.767
757     5.421   2.780
758     5.459   2.818
759     5.506   2.793
760     5.494   2.803
761     5.451   2.802
762     5.516   2.825
763     5.521   2.809
764     5.553   2.826
765     5.645   3.493
766     5.678   2.855
767     5.680   2.856
768     5.604   2.834
769     5.631   2.870
770     5.750   2.895
771     5.659   2.859
772     5.695   2.934
773     5.699   2.898
774     5.710   2.968
775     5.733   2.903
776     5.800   2.924
777     5.763   2.941
778     5.832   2.976
779     5.737   2.967
780     5.779   2.940
781     5.809   2.971
782     5.836   2.961
783     5.816   2.982
784     5.874   3.011
785     5.838   3.015
786     5.837   3.018
787     5.941   3.007
788     5.986   3.025
789     5.958   3.042
790     5.957   3.067
791     5.967   3.033
792     5.953   3.025
793     5.973   3.034
794     5.981   3.138
795     5.947   3.073
796     6.012   3.067
797     6.032   3.098
798     6.092   3.099
799     6.073   3.102
800     6.194   3.277
801     6.111   3.107
802     6.191   3.149
803     6.231   3.158
804     6.229   3.194
805     6.209   3.134
806     6.177   3.170
807     6.220   3.168
808     6.255   3.151
809     6.216   3.137
810     6.248   3.168
811     6.236   3.178
812     6.227   3.180
813     6.240   3.189
814     6.315   3.182
815     6.308   3.192
816     6.329   3.204
817     6.318   3.199
818     6.480   3.287
819     6.465   3.312
820     6.409   3.235
821     6.407   3.280
822     6.448   3.279
823     6.393   3.250
824     6.439   3.300
825     6.467   3.269
826     6.470   3.308
827     6.446   3.314
828     6.551   3.326
829     6.558   3.331
830     6.584   3.305
831     6.511   3.400
832     6.589   3.417
833     6.567   3.335
834     6.666   3.437
835     6.685   3.397
836     6.724   3.451
837     6.679   3.454
838     6.689   3.433
839     6.712   3.443
840     6.819   3.427
841     6.853   3.484
842     6.828   3.567
843     6.923   3.534
844     6.966   3.438
845     6.750   3.446
846     6.895   3.627
847     7.093   3.688
848     6.923   3.507
849     7.686   4.332
850     7.550   3.622
851     7.273   4.487
852     8.240   4.113
853     7.124   3.714
854     7.109   3.519
855     6.901   3.680
856     6.938   3.549
857     6.927   3.545
858     6.903   3.548
859     6.961   3.550
860     6.942   3.571
861     7.014   3.520
862     6.983   3.571
863     7.054   3.598
864     7.113   3.611
865     7.011   3.616
866     7.078   3.688
867     7.539   3.608
868     7.199   3.696
869     7.192   3.683
870     7.126   3.684
871     7.210   3.666
872     7.190   3.744
873     7.420   3.630
874     7.175   3.671
875     7.347   3.717
876     7.391   3.825
877     7.320   3.899
878     7.311   3.688
879     7.480   3.670
880     7.329   3.909
881     7.327   3.720
882     7.304   3.745
883     7.441   3.741
884     7.357   3.798
885     7.399   3.845
886     12.718  3.729
887     7.271   416.487
888     7.372   3.769
889     7.298   3.650
890     7.264   3.715
891     7.233   3.729
892     7.288   3.736
893     7.388   3.772
894     7.325   3.765
895     7.347   3.766
896     7.373   3.778
897     7.387   3.797
898     7.431   3.794
899     7.413   3.808
900     7.453   3.833
901     7.485   3.831
902     7.487   3.853
903     7.524   3.856
904     7.553   3.879
905     7.604   3.860
906     7.602   3.903
907     7.615   3.909
908     7.656   3.900
909     7.843   4.024
910     7.737   3.940
911     7.698   3.972
912     7.786   3.953
913     7.786   3.983
914     12.905  5.358
915     7.678   764.927
916     7.568   3.761
917     7.423   3.796
918     7.594   3.905
919     7.708   3.949
920     7.699   3.933
921     7.721   3.966
922     7.754   3.962
923     7.742   3.943
924     7.786   3.954
925     7.760   3.966
926     7.826   4.019
927     7.813   3.994
928     7.969   4.268
929     8.114   4.020
930     7.920   4.057
931     7.978   4.127
932     7.970   4.077
933     8.007   4.098
934     8.048   4.096
935     8.037   4.122
936     8.077   4.130
937     8.208   4.196
938     8.216   4.193
939     8.214   4.207
940     8.279   4.219
941     8.296   4.233
942     13.555  4.213
943     12.961  4.187
944     13.051  4.249
945     8.273   4.592
946     866.412 4.448
947     8.020   4.115
948     8.154   4.394
949     8.328   4.323
950     13.103  4.216
951     13.033  4.194
952     8.240   4.191
953     8.340   4.243
954     8.452   8.955
955     9.742   7.605
956     8.629   4.295
957     8.479   4.304
958     8.761   4.474
959     9.468   4.552
960     9.481   5.173
961     8.765   4.446
962     8.663   4.438
963     8.649   4.415
964     8.604   4.433
965     8.668   4.414
966     8.636   4.469
967     8.655   4.475
968     8.731   4.451
969     8.721   4.467
970     8.788   4.470
971     8.796   4.470
972     8.775   4.518
973     8.929   4.523
974     8.965   4.744
975     9.196   4.773
976     9.262   4.580
977     9.778   5.554
978     9.105   4.508
979     9.083   4.701
980     9.243   4.649
981     10.177  4.844
982     9.269   5.015
983     9.266   4.707
984     9.162   4.664
985     9.203   4.724
986     9.128   4.684
987     9.164   4.682
988     9.185   4.713
989     9.223   4.731
990     9.373   4.736
991     9.218   4.759
992     9.290   4.780
993     9.299   4.998
994     9.399   4.872
995     9.364   4.872
996     9.511   4.843
997     9.482   4.800
998     9.504   4.908
999     9.462   5.244
1000    9.513   4.870